0.001 0.00000000000000000000
0.002 0.00000000000000000000
0.002 0.00000000000000000000
0.002 0.00000000000000000000
0.002 0.00000000000000000000
0.003 0.00000000000000000000
0.003 0.00000000000000000000
0.003 0.00000000000000000000
0.003 0.00000000000000000000
0.004 0.00000000000000000000
0.004 0.00000000000000000000
0.004 0.00000000000000000000
0.004 0.00000000000000000000
0.004 0.00000000000000000000
0.004 0.00000000000000000000
0.005 0.00000000000000000000
0.005 0.00000000000000000000
0.005 0.00000000000000000000
0.005 0.00000000000000000000
0.006 0.00000000000000000000
0.006 0.00000000000000000000
0.006 0.00000000000000000000
0.006 0.00000000000000000000
0.007 0.00000000000000000000
0.007 0.00000000000000000000
0.007 0.00000000000000000000
0.007 0.00000000000000000000
0.008 0.00000000000000000000
0.008 0.00000000000000000000
0.009 0.00000000000000000000
0.009 0.00000000000000000002
0.009 0.00000000000000000002
0.009 0.00000000000000001095
0.009 0.00000000000000001095
0.009 0.00000000000002221252
0.010 0.00000000000002221252
0.010 0.00000000000008236006
0.011 0.00000000000008236006
0.011 0.00000000000154375265
0.011 0.00000000000154375265
0.011 0.00000000007037745332
0.011 0.00000000007037745332
0.011 0.00000000031673885728
0.012 0.00000000031673885728
0.012 0.00000000167936575484
0.013 0.00000000167936575484
0.013 0.00000000899361542589
0.013 0.00000000899361542589
0.013 0.00000004148125383678
0.013 0.00000004148125383678
0.013 0.00000015540047114135
0.014 0.00000015540047114135
0.014 0.00000048920027922485
0.015 0.00000048920027922485
0.015 0.00000133061477594969
0.015 0.00000133061477594969
0.015 0.00000319443895813922
0.015 0.00000319443895813922
0.015 0.00000689798753599209
0.016 0.00000689798753599209
0.016 0.00001362293441626144
0.017 0.00001362293441626144
0.017 0.00002491301497416186
0.017 0.00002491301497416186
0.017 0.00004262916498149141
0.018 0.00004262916498149141
0.018 0.00006868828488911296
0.018 0.00006868828488911296
0.018 0.00010506491524223349
0.018 0.00010506491524223349
0.018 0.00015387696789671289
0.019 0.00015387696789671289
0.019 0.00021692423960679386
0.019 0.00021692423960679386
0.019 0.00029565335075855994
0.020 0.00029565335075855994
0.020 0.00039039246005665969
0.021 0.00039039246005665969
0.021 0.00050127928977110434
0.021 0.00050127928977110434
0.021 0.00062893863959721807
0.021 0.00062893863959721807
0.021 0.00077290633489092994
0.022 0.00077290633489092994
0.022 0.00093064158233702242
0.022 0.00093064158233702242
0.022 0.00110038003957520160
0.023 0.00110038003957520160
0.023 0.00128228701195330684
0.024 0.00128228701195330684
0.024 0.00147465553906456583
0.024 0.00147465553906456583
0.024 0.00167580714130449227
0.025 0.00167580714130449227
0.025 0.00188381272924021239
0.025 0.00188381272924021239
0.025 0.00209441963691549965
0.025 0.00209441963691549965
0.025 0.00230539779570017008
0.026 0.00230539779570017008
0.026 0.00251765354660372052
0.026 0.00251765354660372052
0.026 0.00272945234662810669
0.027 0.00272945234662810669
0.027 0.00293952740104001147
0.028 0.00293952740104001147
0.028 0.00313927266645262770
0.028 0.00313927266645262770
0.028 0.00333208032653387878
0.029 0.00333208032653387878
0.029 0.00351945814513463873
0.029 0.00351945814513463873
0.029 0.00370088046813946310
0.029 0.00370088046813946310
0.029 0.00387539701390950423
0.030 0.00387539701390950423
0.030 0.00403753974237741793
0.030 0.00403753974237741793
0.030 0.00418673254804155688
0.031 0.00418673254804155688
0.031 0.00432826303497329916
0.032 0.00432826303497329916
0.032 0.00446166514419336826
0.032 0.00446166514419336826
0.032 0.00458709659552026909
0.033 0.00458709659552026909
0.033 0.00470428218773322367
0.033 0.00470428218773322367
0.033 0.00481349544921059070
0.034 0.00481349544921059070
0.034 0.00491452719969588583
0.034 0.00491452719969588583
0.034 0.00500772943591535659
0.035 0.00500772943591535659
0.035 0.00509301208677763115
0.035 0.00509301208677763115
0.035 0.00516443346552309009
0.035 0.00516443346552309009
0.035 0.00522240078454572557
0.036 0.00522240078454572557
0.036 0.00527393043037454202
0.036 0.00527393043037454202
0.036 0.00531896641196586816
0.037 0.00531896641196586816
0.037 0.00535801517091172991
0.037 0.00535801517091172991
0.037 0.00539112769168283591
0.038 0.00539112769168283591
0.038 0.00541877843360307528
0.038 0.00541877843360307528
0.038 0.00544100070854961447
0.039 0.00544100070854961447
0.039 0.00545821168818149544
0.040 0.00545821168818149544
0.040 0.00547051349360822697
0.040 0.00547051349360822697
0.040 0.00547376762686473811
0.041 0.00547376762686473811
0.041 0.00546843837390593047
0.041 0.00546843837390593047
0.041 0.00545956819324143732
0.042 0.00545956819324143732
0.042 0.00544720033903758200
0.042 0.00544720033903758200
0.042 0.00543170244060722177
0.043 0.00543170244060722177
0.043 0.00541309212728299446
0.043 0.00541309212728299446
0.043 0.00539176169939533691
0.043 0.00539176169939533691
0.043 0.00536764419709086574
0.044 0.00536764419709086574
0.044 0.00534114131909156804
0.044 0.00534114131909156804
0.044 0.00531216563815084617
0.045 0.00531216563815084617
0.045 0.00527813943319237026
0.045 0.00527813943319237026
0.045 0.00523909993811187691
0.046 0.00523909993811187691
0.046 0.00519876011638182190
0.046 0.00519876011638182190
0.046 0.00515675470874331614
0.047 0.00515675470874331614
0.047 0.00511371030671197921
0.048 0.00511371030671197921
0.048 0.00506911338170261492
0.048 0.00506911338170261492
0.048 0.00502367525404862156
0.049 0.00502367525404862156
0.049 0.00497689093871366874
0.049 0.00497689093871366874
0.049 0.00492958458391851238
0.050 0.00492958458391851238
0.050 0.00488104918240716244
0.050 0.00488104918240716244
0.050 0.00483022442999054853
0.051 0.00483022442999054853
0.051 0.00477654135145857885
0.051 0.00477654135145857885
0.051 0.00472283919808475210
0.051 0.00472283919808475210
0.051 0.00466838901205521468
0.052 0.00466838901205521468
0.052 0.00461408313806464885
0.052 0.00461408313806464885
0.052 0.00455910020536827790
0.053 0.00455910020536827790
0.053 0.00450434032273381180
0.053 0.00450434032273381180
0.053 0.00444901125716617996
0.054 0.00444901125716617996
0.054 0.00439398113742523865
0.054 0.00439398113742523865
0.054 0.00433845394328103307
0.055 0.00433845394328103307
0.055 0.00428214137212593049
0.056 0.00428214137212593049
0.056 0.00422434544618919845
0.056 0.00422434544618919845
0.056 0.00416708461041655383
0.057 0.00416708461041655383
0.057 0.00410952581431276495
0.057 0.00410952581431276495
0.057 0.00405252211404482070
0.058 0.00405252211404482070
0.058 0.01272950967665724929
0.058 0.01272950967665724929
0.058 0.00393865626367651163
0.059 0.00393865626367651163
0.059 0.00388188955429419292
0.059 0.00388188955429419292
0.059 0.01943990042183672481
0.059 0.01943990042183672481
0.059 0.00376949823521965498
0.060 0.00376949823521965498
0.060 0.00371322036772644319
0.060 0.00371322036772644319
0.060 0.00365634365942798384
0.061 0.00365634365942798384
0.061 0.00360011259708452672
0.061 0.00360011259708452672
0.061 0.00354394593310570832
0.062 0.00354394593310570832
0.062 0.00348839442325926327
0.062 0.00348839442325926327
0.062 0.00343295808988415508
0.063 0.00343295808988415508
0.063 0.00337812495137676744
0.064 0.00337812495137676744
0.064 0.00332340559697733365
0.064 0.00332340559697733365
0.064 0.00326931675850966868
0.065 0.00326931675850966868
0.065 0.00321536809833542847
0.065 0.00321536809833542847
0.065 0.00316118923201250341
0.066 0.00316118923201250341
0.066 0.00310708070723299864
0.066 0.00310708070723299864
0.066 0.00305355737354074449
0.067 0.00305355737354074449
0.067 0.00491373073878111424
0.067 0.00491373073878111424
0.067 0.00666461834004388690
0.068 0.00666461834004388690
0.068 0.00298977065230267422
0.068 0.00298977065230267422
0.068 0.00284318704459799072
0.069 0.00284318704459799072
0.069 0.00279151501456810372
0.069 0.00279151501456810372
0.069 0.00408694987718870566
0.070 0.00408694987718870566
0.070 0.00262250849633074642
0.070 0.00262250849633074642
0.070 0.00237130116964331472
0.070 0.00237130116964331472
0.070 0.00233081591469221864
0.071 0.00233081591469221864
0.071 0.00229050324227436175
0.071 0.00229050324227436175
0.071 0.00225035818834491263
0.072 0.00225035818834491263
0.072 0.00221036985690641497
0.072 0.00221036985690641497
0.072 0.00217045711266670603
0.073 0.00217045711266670603
0.073 0.00213069743576548140
0.073 0.00213069743576548140
0.073 0.00209092257269228102
0.074 0.00209092257269228102
0.074 0.00205128128879316328
0.074 0.00205128128879316328
0.074 0.00201162782035724024
0.075 0.00201162782035724024
0.075 0.00197213211875297287
0.075 0.00197213211875297287
0.075 0.00193261195517210448
0.076 0.00193261195517210448
0.076 0.00189321067363176212
0.076 0.00189321067363176212
0.076 0.00185376418556802073
0.077 0.00185376418556802073
0.077 0.00181444092362630875
0.077 0.00181444092362630875
0.077 0.00177509381133684942
0.078 0.00177509381133684942
0.078 0.00173587476450031038
0.079 0.00173587476450031038
0.079 0.00169661594804308268
0.079 0.00169661594804308268
0.079 0.00165745792603167450
0.080 0.00165745792603167450
0.080 0.00161827784444515551
0.080 0.00161827784444515551
0.080 0.00157905356321219798
0.081 0.00157905356321219798
0.081 0.00153964373633792189
0.081 0.00153964373633792189
0.081 0.00150038018878218948
0.082 0.00150038018878218948
0.082 0.00146109199287774083
0.082 0.00146109199287774083
0.082 0.00142192911937162408
0.083 0.00142192911937162408
0.083 0.00138272463656441435
0.083 0.00138272463656441435
0.083 0.00134362129931264273
0.084 0.00134362129931264273
0.084 0.00130449639405730896
0.084 0.00130449639405730896
0.084 0.00126547838002893280
0.085 0.00126547838002893280
0.085 0.00122640534771734804
0.085 0.00122640534771734804
0.085 0.00118739993402912206
0.086 0.00118739993402912206
0.086 0.00114834061844610149
0.086 0.00114834061844610149
0.086 0.00110934466071301702
0.086 0.00110934466071301702
0.086 0.00107027135053554137
0.087 0.00107027135053554137
0.087 0.00103123092217979732
0.087 0.00103123092217979732
0.087 0.00099210899116273371
0.088 0.00099210899116273371
0.088 0.00095300806241216493
0.088 0.00095300806241216493
0.088 0.00091381298839565749
0.089 0.00091381298839565749
0.089 0.00087461560190615591
0.089 0.00087461560190615591
0.089 0.00083530871896038124
0.090 0.00083530871896038124
0.090 0.00079592333633345981
0.090 0.00079592333633345981
0.090 0.00075640229742894810
0.091 0.00075640229742894810
0.091 0.00071686564962146005
0.091 0.00071686564962146005
0.091 0.00067723447973306217
0.092 0.00067723447973306217
0.092 0.00063756723701518050
0.092 0.00063756723701518050
0.092 0.00059781001082626832
0.093 0.00059781001082626832
0.093 0.00055802545690762716
0.093 0.00055802545690762716
0.093 0.00051819034109883253
0.094 0.00051819034109883253
0.094 0.00047836781180777497
0.095 0.00047836781180777497
0.095 0.00043847589397616801
0.095 0.00043847589397616801
0.095 0.00039858483287712242
0.096 0.00039858483287712242
0.096 0.00035856113786321024
0.096 0.00035856113786321024
0.096 0.00031852746932013986
0.097 0.00031852746932013986
0.097 0.00027831108590258073
0.097 0.00027831108590258073
0.097 0.00023820675610360578
0.098 0.00023820675610360578
0.098 0.00019772459637941504
0.098 0.00019772459637941504
0.098 0.00015779889306914713
0.099 0.00015779889306914713
0.099 0.00011664074216844453
0.099 0.00011664074216844453
0.099 0.00007540773679177233
0.100 0.00007540773679177233
0.100 0.00002684284322076036
0.100 0.00002684284322076036
